Timestamp,Vz(m/s),Voltage(V),Current(A),Power(W),TargetVz(m/s),CurrentAlt(m)
2026-06-21 00:56:17,0.981,12.587,27.17,341.989,0.5,2.0
2026-06-21 00:56:17,0.981,12.587,27.17,341.989,0.5,2.0
2026-06-21 00:56:17,0.981,12.587,27.17,341.989,0.5,2.0
2026-06-21 00:56:17,0.781,12.587,26.0,327.262,0.5,1.51
2026-06-21 00:56:17,0.781,12.587,26.0,327.262,0.5,1.51
2026-06-21 00:56:17,0.565,12.587,26.33,331.416,0.5,1.69
2026-06-21 00:56:17,0.565,12.587,26.33,331.416,0.5,1.69
2026-06-21 00:56:18,0.565,12.587,26.33,331.416,0.5,1.69
2026-06-21 00:56:18,0.461,12.587,27.66,348.156,0.5,1.82
2026-06-21 00:56:18,0.461,12.587,27.66,348.156,0.5,1.82
2026-06-21 00:56:18,0.432,12.587,28.16,354.45,0.5,1.94
2026-06-21 00:56:18,0.432,12.587,28.16,354.45,0.5,1.94
2026-06-21 00:56:18,0.432,12.587,28.16,354.45,0.5,1.94
2026-06-21 00:56:18,0.441,12.587,28.58,359.736,0.5,2.06
2026-06-21 00:56:18,0.441,12.587,28.58,359.736,0.5,2.06
2026-06-21 00:56:18,0.462,12.587,28.66,360.743,0.5,2.17
2026-06-21 00:56:18,0.462,12.587,28.66,360.743,0.5,2.17
2026-06-21 00:56:19,0.462,12.587,28.66,360.743,0.5,2.17
2026-06-21 00:56:19,0.481,12.587,28.66,360.743,0.5,2.29
2026-06-21 00:56:19,0.481,12.587,28.66,360.743,0.5,2.29
2026-06-21 00:56:19,0.494,12.587,28.58,359.736,0.5,2.42
2026-06-21 00:56:19,0.494,12.587,28.58,359.736,0.5,2.42
2026-06-21 00:56:19,0.494,12.587,28.58,359.736,0.5,2.42
2026-06-21 00:56:19,0.5,12.587,28.49,358.604,0.5,2.55
2026-06-21 00:56:19,0.5,12.587,28.49,358.604,0.5,2.55
2026-06-21 00:56:19,0.501,12.587,28.41,357.597,0.5,2.68
2026-06-21 00:56:19,0.501,12.587,28.41,357.597,0.5,2.68
2026-06-21 00:56:20,0.501,12.587,28.41,357.597,0.5,2.68
2026-06-21 00:56:20,0.499,12.587,28.41,357.597,0.5,2.8
2026-06-21 00:56:20,0.499,12.587,28.41,357.597,0.5,2.8
2026-06-21 00:56:20,0.497,12.587,28.41,357.597,0.5,2.93
2026-06-21 00:56:20,0.497,12.587,28.41,357.597,0.5,2.93
2026-06-21 00:56:20,0.497,12.587,28.41,357.597,0.5,2.93
2026-06-21 00:56:20,0.494,12.587,28.41,357.597,0.5,3.06
2026-06-21 00:56:20,0.494,12.587,28.41,357.597,0.5,3.06
2026-06-21 00:56:20,0.493,12.587,28.41,357.597,0.5,3.18
2026-06-21 00:56:20,0.493,12.587,28.41,357.597,0.5,3.18
2026-06-21 00:56:21,0.493,12.587,28.41,357.597,0.5,3.18
2026-06-21 00:56:21,0.491,12.587,28.41,357.597,0.5,3.31
2026-06-21 00:56:21,0.491,12.587,28.41,357.597,0.5,3.31
2026-06-21 00:56:21,0.491,12.587,28.41,357.597,0.5,3.44
2026-06-21 00:56:21,0.491,12.587,28.41,357.597,0.5,3.44
2026-06-21 00:56:21,0.491,12.587,28.41,357.597,0.5,3.44
2026-06-21 00:56:21,0.49,12.587,28.41,357.597,0.5,3.56
2026-06-21 00:56:21,0.49,12.587,28.41,357.597,0.5,3.56
2026-06-21 00:56:21,0.49,12.587,28.41,357.597,0.5,3.69
2026-06-21 00:56:21,0.49,12.587,28.41,357.597,0.5,3.69
2026-06-21 00:56:22,0.49,12.587,28.41,357.597,0.5,3.69
2026-06-21 00:56:22,0.489,12.587,28.41,357.597,0.5,3.81
2026-06-21 00:56:22,0.489,12.587,28.41,357.597,0.5,3.81
2026-06-21 00:56:22,0.489,12.587,28.49,358.604,0.5,3.94
2026-06-21 00:56:22,0.489,12.587,28.49,358.604,0.5,3.94
2026-06-21 00:56:22,0.489,12.587,28.49,358.604,0.5,3.94
2026-06-21 00:56:22,0.489,12.587,28.49,358.604,0.5,4.06
2026-06-21 00:56:22,0.489,12.587,28.49,358.604,0.5,4.06
2026-06-21 00:56:22,0.489,12.587,28.41,357.597,0.5,4.19
2026-06-21 00:56:22,0.489,12.587,28.41,357.597,0.5,4.19
2026-06-21 00:56:23,0.489,12.587,28.41,357.597,0.5,4.19
2026-06-21 00:56:23,0.489,12.587,28.41,357.597,0.5,4.31
2026-06-21 00:56:23,0.489,12.587,28.41,357.597,0.5,4.31
2026-06-21 00:56:23,0.49,12.587,28.49,358.604,0.5,4.43
2026-06-21 00:56:23,0.49,12.587,28.49,358.604,0.5,4.43
2026-06-21 00:56:23,0.49,12.587,28.49,358.604,0.5,4.43
2026-06-21 00:56:23,0.49,12.587,28.49,358.604,0.5,4.56
2026-06-21 00:56:23,0.49,12.587,28.49,358.604,0.5,4.56
2026-06-21 00:56:23,0.49,12.587,28.41,357.597,0.5,4.68
2026-06-21 00:56:23,0.49,12.587,28.41,357.597,0.5,4.68
2026-06-21 00:56:24,0.49,12.587,28.41,357.597,0.5,4.68
2026-06-21 00:56:24,0.49,12.587,28.41,357.597,0.5,4.81
2026-06-21 00:56:24,0.49,12.587,28.41,357.597,0.5,4.81
2026-06-21 00:56:24,0.49,12.587,28.41,357.597,0.5,4.93
2026-06-21 00:56:24,0.49,12.587,28.41,357.597,0.5,4.93
2026-06-21 00:56:24,0.49,12.587,28.41,357.597,0.5,4.93
2026-06-21 00:56:24,0.491,12.587,28.41,357.597,0.5,5.06
2026-06-21 00:56:24,0.491,12.587,28.41,357.597,0.5,5.06
2026-06-21 00:56:24,0.491,12.587,28.41,357.597,0.5,5.18
2026-06-21 00:56:24,0.491,12.587,28.41,357.597,0.5,5.18
2026-06-21 00:56:25,0.491,12.587,28.41,357.597,0.5,5.18
2026-06-21 00:56:25,0.491,12.587,28.41,357.597,0.5,5.31
2026-06-21 00:56:25,0.491,12.587,28.41,357.597,0.5,5.31
2026-06-21 00:56:25,0.491,12.587,28.41,357.597,0.5,5.43
2026-06-21 00:56:25,0.491,12.587,28.41,357.597,0.5,5.43
2026-06-21 00:56:25,0.491,12.587,28.41,357.597,0.5,5.43
2026-06-21 00:56:25,0.491,12.587,28.41,357.597,0.5,5.56
2026-06-21 00:56:25,0.491,12.587,28.41,357.597,0.5,5.56
2026-06-21 00:56:25,0.492,12.587,28.41,357.597,0.5,5.68
2026-06-21 00:56:25,0.492,12.587,28.41,357.597,0.5,5.68
2026-06-21 00:56:26,0.492,12.587,28.41,357.597,0.5,5.68
2026-06-21 00:56:26,0.492,12.587,28.41,357.597,0.5,5.81
2026-06-21 00:56:26,0.492,12.587,28.41,357.597,0.5,5.81
2026-06-21 00:56:26,0.492,12.587,28.41,357.597,0.5,5.93
2026-06-21 00:56:26,0.492,12.587,28.41,357.597,0.5,5.93
2026-06-21 00:56:26,0.492,12.587,28.41,357.597,0.5,5.93
2026-06-21 00:56:26,0.492,12.587,28.41,357.597,0.5,6.06
2026-06-21 00:56:27,0.492,12.587,28.41,357.597,0.5,6.06
2026-06-21 00:56:28,0.492,12.587,28.41,357.597,0.5,6.18
2026-06-21 00:56:28,0.492,12.587,28.41,357.597,0.5,6.18
2026-06-21 00:56:28,0.492,12.587,28.41,357.597,0.5,6.18
2026-06-21 00:56:28,0.493,12.587,28.49,358.604,0.5,6.31
2026-06-21 00:56:28,0.493,12.587,28.49,358.604,0.5,6.31
2026-06-21 00:56:28,0.493,12.587,28.41,357.597,0.5,6.43
2026-06-21 00:56:28,0.493,12.587,28.41,357.597,0.5,6.43
2026-06-21 00:56:28,0.493,12.587,28.41,357.597,0.5,6.56
2026-06-21 00:56:28,0.493,12.587,28.41,357.597,0.5,6.56
2026-06-21 00:56:28,0.493,12.587,28.41,357.597,0.5,6.56
2026-06-21 00:56:29,0.494,12.587,28.41,357.597,0.5,6.68
2026-06-21 00:56:29,0.494,12.587,28.41,357.597,0.5,6.68
2026-06-21 00:56:29,0.495,12.587,28.41,357.597,0.5,6.8
2026-06-21 00:56:29,0.495,12.587,28.41,357.597,0.5,6.8
2026-06-21 00:56:29,0.495,12.587,28.41,357.597,0.5,6.8
2026-06-21 00:56:29,0.495,12.587,28.41,357.597,0.5,6.93
2026-06-21 00:56:29,0.495,12.587,28.41,357.597,0.5,6.93
2026-06-21 00:56:29,0.496,12.587,28.49,358.604,0.5,7.05
2026-06-21 00:56:29,0.496,12.587,28.49,358.604,0.5,7.05
2026-06-21 00:56:29,0.496,12.587,28.49,358.604,0.5,7.05
2026-06-21 00:56:30,0.496,12.587,28.49,358.604,0.5,7.18
2026-06-21 00:56:30,0.496,12.587,28.49,358.604,0.5,7.18
2026-06-21 00:56:30,0.496,12.587,28.49,358.604,0.5,7.3
2026-06-21 00:56:30,0.496,12.587,28.49,358.604,0.5,7.3
2026-06-21 00:56:30,0.496,12.587,28.49,358.604,0.5,7.3
2026-06-21 00:56:30,0.496,12.587,28.41,357.597,0.5,7.43
2026-06-21 00:56:30,0.496,12.587,28.41,357.597,0.5,7.43
2026-06-21 00:56:30,0.495,12.587,28.41,357.597,0.5,7.55
2026-06-21 00:56:30,0.495,12.587,28.41,357.597,0.5,7.55
2026-06-21 00:56:30,0.495,12.587,28.41,357.597,0.5,7.55
2026-06-21 00:56:31,0.495,12.587,28.41,357.597,0.5,7.68
2026-06-21 00:56:31,0.495,12.587,28.41,357.597,0.5,7.68
2026-06-21 00:56:31,0.495,12.587,28.41,357.597,0.5,7.8
2026-06-21 00:56:31,0.495,12.587,28.41,357.597,0.5,7.8
2026-06-21 00:56:31,0.495,12.587,28.41,357.597,0.5,7.8
2026-06-21 00:56:31,0.495,12.587,28.41,357.597,0.5,7.93
2026-06-21 00:56:31,0.495,12.587,28.41,357.597,0.5,7.93
2026-06-21 00:56:31,0.494,12.587,28.49,358.604,0.5,8.05
2026-06-21 00:56:31,0.494,12.587,28.49,358.604,0.5,8.05
2026-06-21 00:56:31,0.494,12.587,28.49,358.604,0.5,8.05
2026-06-21 00:56:32,0.495,12.587,28.49,358.604,0.5,8.18
2026-06-21 00:56:32,0.495,12.587,28.49,358.604,0.5,8.18
2026-06-21 00:56:32,0.494,12.587,28.41,357.597,0.5,8.31
2026-06-21 00:56:32,0.494,12.587,28.41,357.597,0.5,8.31
2026-06-21 00:56:32,0.494,12.587,28.41,357.597,0.5,8.31
2026-06-21 00:56:32,0.495,12.587,28.49,358.604,0.5,8.43
2026-06-21 00:56:32,0.495,12.587,28.49,358.604,0.5,8.43
2026-06-21 00:56:32,0.495,12.587,28.49,358.604,0.5,8.56
2026-06-21 00:56:32,0.495,12.587,28.49,358.604,0.5,8.56
2026-06-21 00:56:32,0.495,12.587,28.49,358.604,0.5,8.56
2026-06-21 00:56:33,0.494,12.587,28.41,357.597,0.5,8.68
2026-06-21 00:56:33,0.494,12.587,28.41,357.597,0.5,8.68
2026-06-21 00:56:33,0.494,12.587,28.41,357.597,0.5,8.81
2026-06-21 00:56:33,0.494,12.587,28.41,357.597,0.5,8.81
2026-06-21 00:56:33,0.494,12.587,28.41,357.597,0.5,8.81
2026-06-21 00:56:33,0.493,12.587,28.41,357.597,0.5,8.93
2026-06-21 00:56:33,0.493,12.587,28.41,357.597,0.5,8.93
2026-06-21 00:56:33,0.493,12.587,28.41,357.597,0.5,9.06
2026-06-21 00:56:33,0.493,12.587,28.41,357.597,0.5,9.06
2026-06-21 00:56:33,0.493,12.587,28.41,357.597,0.5,9.06
2026-06-21 00:56:34,0.494,12.587,28.41,357.597,0.5,9.18
2026-06-21 00:56:34,0.494,12.587,28.41,357.597,0.5,9.18
2026-06-21 00:56:34,0.494,12.587,28.49,358.604,0.5,9.3
2026-06-21 00:56:34,0.494,12.587,28.49,358.604,0.5,9.3
2026-06-21 00:56:34,0.494,12.587,28.49,358.604,0.5,9.3
2026-06-21 00:56:34,0.494,12.587,28.49,358.604,0.5,9.43
2026-06-21 00:56:34,0.494,12.587,28.49,358.604,0.5,9.43
2026-06-21 00:56:34,0.494,12.587,28.41,357.597,0.5,9.56
2026-06-21 00:56:34,0.494,12.587,28.41,357.597,0.5,9.56
2026-06-21 00:56:34,0.494,12.587,28.41,357.597,0.5,9.56
2026-06-21 00:56:35,0.494,12.587,28.49,358.604,0.5,9.68
2026-06-21 00:56:35,0.494,12.587,28.49,358.604,0.5,9.68
2026-06-21 00:56:35,0.494,12.587,28.49,358.604,0.5,9.8
2026-06-21 00:56:35,0.494,12.587,28.49,358.604,0.5,9.8
2026-06-21 00:56:35,0.494,12.587,28.49,358.604,0.5,9.8
2026-06-21 00:56:35,0.494,12.587,28.41,357.597,0.5,9.93
2026-06-21 00:56:35,0.494,12.587,28.41,357.597,0.5,9.93
2026-06-21 00:56:38,0.491,12.587,28.33,356.59,1.0,11.56
2026-06-21 00:56:38,0.491,12.587,28.33,356.59,1.0,11.56
2026-06-21 00:56:38,0.491,12.587,28.33,356.59,1.0,11.56
2026-06-21 00:56:39,0.457,12.587,28.33,356.59,1.0,11.67
2026-06-21 00:56:39,0.457,12.587,28.33,356.59,1.0,11.67
2026-06-21 00:56:39,0.615,12.587,31.07,391.078,1.0,11.81
2026-06-21 00:56:39,0.615,12.587,31.07,391.078,1.0,11.81
2026-06-21 00:56:39,0.615,12.587,31.07,391.078,1.0,11.81
2026-06-21 00:56:39,0.849,12.587,31.32,394.225,1.0,11.99
2026-06-21 00:56:39,0.849,12.587,31.32,394.225,1.0,11.99
2026-06-21 00:56:39,0.987,12.587,29.91,376.477,1.0,12.23
2026-06-21 00:56:39,0.987,12.587,29.91,376.477,1.0,12.23
2026-06-21 00:56:39,0.987,12.587,29.91,376.477,1.0,12.23
2026-06-21 00:56:40,1.04,12.587,29.33,369.177,1.0,12.49
2026-06-21 00:56:40,1.04,12.587,29.33,369.177,1.0,12.49
2026-06-21 00:56:40,1.044,12.587,28.83,362.883,1.0,12.75
2026-06-21 00:56:40,1.044,12.587,28.83,362.883,1.0,12.75
2026-06-21 00:56:40,1.044,12.587,28.83,362.883,1.0,12.75
2026-06-21 00:56:40,1.027,12.587,28.66,360.743,1.0,13.01
2026-06-21 00:56:40,1.027,12.587,28.66,360.743,1.0,13.01
2026-06-21 00:56:40,1.006,12.587,28.58,359.736,1.0,13.27
2026-06-21 00:56:40,1.006,12.587,28.58,359.736,1.0,13.27
2026-06-21 00:56:40,1.006,12.587,28.58,359.736,1.0,13.27
2026-06-21 00:56:41,0.989,12.587,28.66,360.743,1.0,13.53
2026-06-21 00:56:41,0.989,12.587,28.66,360.743,1.0,13.53
2026-06-21 00:56:41,0.979,12.587,28.74,361.75,1.0,13.77
2026-06-21 00:56:41,0.979,12.587,28.74,361.75,1.0,13.77
2026-06-21 00:56:41,0.979,12.587,28.74,361.75,1.0,13.77
2026-06-21 00:56:41,0.976,12.587,28.83,362.883,1.0,14.02
2026-06-21 00:56:41,0.976,12.587,28.83,362.883,1.0,14.02
2026-06-21 00:56:41,0.976,12.587,28.83,362.883,1.0,14.27
2026-06-21 00:56:41,0.976,12.587,28.83,362.883,1.0,14.27
2026-06-21 00:56:41,0.976,12.587,28.83,362.883,1.0,14.27
2026-06-21 00:56:42,0.977,12.587,28.83,362.883,1.0,14.52
2026-06-21 00:56:42,0.977,12.587,28.83,362.883,1.0,14.52
2026-06-21 00:56:42,0.978,12.587,28.83,362.883,1.0,14.77
2026-06-21 00:56:42,0.978,12.587,28.83,362.883,1.0,14.77
2026-06-21 00:56:42,0.978,12.587,28.83,362.883,1.0,14.77
2026-06-21 00:56:42,0.98,12.587,28.83,362.883,1.0,15.02
2026-06-21 00:56:42,0.98,12.587,28.83,362.883,1.0,15.02
2026-06-21 00:56:42,0.982,12.587,28.83,362.883,1.0,15.27
2026-06-21 00:56:42,0.982,12.587,28.83,362.883,1.0,15.27
2026-06-21 00:56:42,0.982,12.587,28.83,362.883,1.0,15.27
2026-06-21 00:56:43,0.982,12.587,28.83,362.883,1.0,15.52
2026-06-21 00:56:43,0.982,12.587,28.83,362.883,1.0,15.52
2026-06-21 00:56:43,0.982,12.587,28.83,362.883,1.0,15.77
2026-06-21 00:56:43,0.982,12.587,28.83,362.883,1.0,15.77
2026-06-21 00:56:43,0.982,12.587,28.83,362.883,1.0,15.77
2026-06-21 00:56:43,0.982,12.587,28.83,362.883,1.0,16.02
2026-06-21 00:56:43,0.982,12.587,28.83,362.883,1.0,16.02
2026-06-21 00:56:43,0.983,12.587,28.83,362.883,1.0,16.27
2026-06-21 00:56:43,0.983,12.587,28.83,362.883,1.0,16.27
2026-06-21 00:56:43,0.983,12.587,28.83,362.883,1.0,16.27
2026-06-21 00:56:44,0.982,12.587,28.83,362.883,1.0,16.52
2026-06-21 00:56:44,0.982,12.587,28.83,362.883,1.0,16.52
2026-06-21 00:56:44,0.982,12.587,28.83,362.883,1.0,16.77
2026-06-21 00:56:44,0.982,12.587,28.83,362.883,1.0,16.77
2026-06-21 00:56:44,0.982,12.587,28.83,362.883,1.0,17.02
2026-06-21 00:56:44,0.982,12.587,28.83,362.883,1.0,17.02
2026-06-21 00:56:44,0.982,12.587,28.83,362.883,1.0,17.02
2026-06-21 00:56:44,0.982,12.587,28.83,362.883,1.0,17.27
2026-06-21 00:56:44,0.982,12.587,28.83,362.883,1.0,17.27
2026-06-21 00:56:44,0.982,12.587,28.83,362.883,1.0,17.52
2026-06-21 00:56:45,0.982,12.587,28.83,362.883,1.0,17.52
2026-06-21 00:56:45,0.982,12.587,28.83,362.883,1.0,17.52
2026-06-21 00:56:45,0.981,12.587,28.83,362.883,1.0,17.77
2026-06-21 00:56:45,0.981,12.587,28.83,362.883,1.0,17.77
2026-06-21 00:56:45,0.98,12.587,28.83,362.883,1.0,18.02
2026-06-21 00:56:45,0.98,12.587,28.83,362.883,1.0,18.02
2026-06-21 00:56:45,0.98,12.587,28.83,362.883,1.0,18.02
2026-06-21 00:56:45,0.98,12.587,28.83,362.883,1.0,18.27
2026-06-21 00:56:45,0.98,12.587,28.83,362.883,1.0,18.27
2026-06-21 00:56:46,0.98,12.587,28.83,362.883,1.0,18.52
2026-06-21 00:56:46,0.98,12.587,28.83,362.883,1.0,18.52
2026-06-21 00:56:46,0.98,12.587,28.83,362.883,1.0,18.52
2026-06-21 00:56:46,0.979,12.587,28.83,362.883,1.0,18.77
2026-06-21 00:56:46,0.979,12.587,28.83,362.883,1.0,18.77
2026-06-21 00:56:46,0.979,12.587,28.83,362.883,1.0,19.02
2026-06-21 00:56:46,0.979,12.587,28.83,362.883,1.0,19.02
2026-06-21 00:56:46,0.979,12.587,28.83,362.883,1.0,19.02
2026-06-21 00:56:46,0.979,12.587,28.83,362.883,1.0,19.27
2026-06-21 00:56:46,0.979,12.587,28.83,362.883,1.0,19.27
2026-06-21 00:56:47,0.98,12.587,28.83,362.883,1.0,19.52
2026-06-21 00:56:47,0.98,12.587,28.83,362.883,1.0,19.52
2026-06-21 00:56:47,0.98,12.587,28.83,362.883,1.0,19.52
2026-06-21 00:56:50,0.981,12.587,28.83,362.883,1.5,22.77
2026-06-21 00:56:50,0.981,12.587,28.83,362.883,1.5,22.77
2026-06-21 00:56:50,0.936,12.587,28.16,354.45,1.5,23.01
2026-06-21 00:56:50,0.936,12.587,28.16,354.45,1.5,23.01
2026-06-21 00:56:50,0.936,12.587,28.16,354.45,1.5,23.01
2026-06-21 00:56:50,1.051,12.587,31.15,392.085,1.5,23.26
2026-06-21 00:56:50,1.051,12.587,31.15,392.085,1.5,23.26
2026-06-21 00:56:51,1.288,12.587,31.98,402.532,1.5,23.56
2026-06-21 00:56:51,1.288,12.587,31.98,402.532,1.5,23.56
2026-06-21 00:56:51,1.288,12.587,31.98,402.532,1.5,23.56
2026-06-21 00:56:51,1.451,12.587,30.65,385.792,1.5,23.91
2026-06-21 00:56:51,1.451,12.587,30.65,385.792,1.5,23.91
2026-06-21 00:56:51,1.52,12.587,29.91,376.477,1.5,24.29
2026-06-21 00:56:51,1.52,12.587,29.91,376.477,1.5,24.29
2026-06-21 00:56:51,1.52,12.587,29.91,376.477,1.5,24.29
2026-06-21 00:56:51,1.534,12.587,29.33,369.177,1.5,24.67
2026-06-21 00:56:51,1.534,12.587,29.33,369.177,1.5,24.67
2026-06-21 00:56:52,1.569,12.587,29.16,367.037,1.5,25.06
2026-06-21 00:56:52,1.569,12.587,29.16,367.037,1.5,25.06
2026-06-21 00:56:52,1.569,12.587,29.16,367.037,1.5,25.06
2026-06-21 00:56:52,1.574,12.587,28.99,364.897,1.5,25.47
2026-06-21 00:56:52,1.574,12.587,28.99,364.897,1.5,25.47
2026-06-21 00:56:52,1.53,12.587,28.74,361.75,1.5,25.86
2026-06-21 00:56:52,1.53,12.587,28.74,361.75,1.5,25.86
2026-06-21 00:56:52,1.53,12.587,28.74,361.75,1.5,25.86
2026-06-21 00:56:52,1.484,12.587,28.83,362.883,1.5,26.25
2026-06-21 00:56:52,1.484,12.587,28.83,362.883,1.5,26.25
2026-06-21 00:56:53,1.452,12.587,28.91,363.89,1.5,26.62
2026-06-21 00:56:53,1.452,12.587,28.91,363.89,1.5,26.62
2026-06-21 00:56:53,1.452,12.587,28.91,363.89,1.5,26.62
2026-06-21 00:56:53,1.436,12.587,29.08,366.03,1.5,26.99
2026-06-21 00:56:53,1.436,12.587,29.08,366.03,1.5,26.99
2026-06-21 00:56:53,1.433,12.587,29.24,368.044,1.5,27.36
2026-06-21 00:56:53,1.433,12.587,29.24,368.044,1.5,27.36
2026-06-21 00:56:53,1.433,12.587,29.24,368.044,1.5,27.36
2026-06-21 00:56:53,1.437,12.587,29.33,369.177,1.5,27.72
2026-06-21 00:56:53,1.437,12.587,29.33,369.177,1.5,27.72
2026-06-21 00:56:54,1.445,12.587,29.33,369.177,1.5,28.09
2026-06-21 00:56:54,1.445,12.587,29.33,369.177,1.5,28.09
2026-06-21 00:56:54,1.445,12.587,29.33,369.177,1.5,28.09
2026-06-21 00:56:54,1.452,12.587,29.33,369.177,1.5,28.46
2026-06-21 00:56:54,1.452,12.587,29.33,369.177,1.5,28.46
2026-06-21 00:56:54,1.457,12.587,29.33,369.177,1.5,28.83
2026-06-21 00:56:54,1.457,12.587,29.33,369.177,1.5,28.83
2026-06-21 00:56:54,1.457,12.587,29.33,369.177,1.5,28.83
2026-06-21 00:56:54,1.461,12.587,29.33,369.177,1.5,29.2
2026-06-21 00:56:54,1.461,12.587,29.33,369.177,1.5,29.2
2026-06-21 00:56:55,1.464,12.587,29.33,369.177,1.5,29.58
2026-06-21 00:56:55,1.464,12.587,29.33,369.177,1.5,29.58
2026-06-21 00:56:55,1.464,12.587,29.33,369.177,1.5,29.58
2026-06-21 00:56:55,1.466,12.587,29.33,369.177,1.5,29.95
2026-06-21 00:56:55,1.466,12.587,29.33,369.177,1.5,29.95
2026-06-21 00:56:55,1.467,12.587,29.24,368.044,1.5,30.32
2026-06-21 00:56:55,1.467,12.587,29.24,368.044,1.5,30.32
2026-06-21 00:56:55,1.467,12.587,29.24,368.044,1.5,30.32
2026-06-21 00:56:55,1.47,12.587,29.33,369.177,1.5,30.7
2026-06-21 00:56:55,1.47,12.587,29.33,369.177,1.5,30.7
2026-06-21 00:56:59,1.476,12.587,29.24,368.044,2.0,35.56
2026-06-21 00:56:59,1.476,12.587,29.24,368.044,2.0,35.56
2026-06-21 00:56:59,1.433,12.587,29.33,369.177,2.0,35.93
2026-06-21 00:56:59,1.433,12.587,29.33,369.177,2.0,35.93
2026-06-21 00:56:59,1.433,12.587,29.33,369.177,2.0,35.93
2026-06-21 00:56:59,1.57,12.587,31.57,397.372,2.0,36.31
2026-06-21 00:56:59,1.57,12.587,31.57,397.372,2.0,36.31
2026-06-21 00:56:59,1.807,12.587,32.15,404.672,2.0,36.74
2026-06-21 00:56:59,1.807,12.587,32.15,404.672,2.0,36.74
2026-06-21 00:56:59,1.807,12.587,32.15,404.672,2.0,36.74
2026-06-21 00:57:00,1.955,12.587,31.15,392.085,2.0,37.21
2026-06-21 00:57:00,1.955,12.587,31.15,392.085,2.0,37.21
2026-06-21 00:57:00,2.015,12.587,30.24,380.631,2.0,37.72
2026-06-21 00:57:00,2.015,12.587,30.24,380.631,2.0,37.72
2026-06-21 00:57:00,2.015,12.587,30.24,380.631,2.0,37.72
2026-06-21 00:57:01,2.025,12.587,29.91,376.477,2.0,38.23
2026-06-21 00:57:01,2.025,12.587,29.91,376.477,2.0,38.23
2026-06-21 00:57:01,2.012,12.587,29.66,373.33,2.0,38.74
2026-06-21 00:57:01,2.012,12.587,29.66,373.33,2.0,38.74
2026-06-21 00:57:02,2.012,12.587,29.66,373.33,2.0,38.74
2026-06-21 00:57:02,1.993,12.587,29.57,372.198,2.0,39.25
2026-06-21 00:57:02,1.993,12.587,29.57,372.198,2.0,39.25
2026-06-21 00:57:02,1.978,12.587,29.66,373.33,2.0,39.76
2026-06-21 00:57:02,1.978,12.587,29.66,373.33,2.0,39.76
2026-06-21 00:57:02,1.978,12.587,29.66,373.33,2.0,39.76
2026-06-21 00:57:02,1.968,12.587,29.66,373.33,2.0,40.26
2026-06-21 00:57:02,1.968,12.587,29.66,373.33,2.0,40.26
2026-06-21 00:57:02,1.962,12.587,29.66,373.33,2.0,40.76
2026-06-21 00:57:02,1.962,12.587,29.66,373.33,2.0,40.76
2026-06-21 00:57:03,1.962,12.587,29.66,373.33,2.0,40.76
2026-06-21 00:57:03,1.959,12.587,29.74,374.337,2.0,41.26
2026-06-21 00:57:03,1.959,12.587,29.74,374.337,2.0,41.26
2026-06-21 00:57:03,1.959,12.587,29.74,374.337,2.0,41.76
2026-06-21 00:57:03,1.959,12.587,29.74,374.337,2.0,41.76
2026-06-21 00:57:03,1.959,12.587,29.74,374.337,2.0,41.76
2026-06-21 00:57:03,1.96,12.587,29.74,374.337,2.0,42.26
2026-06-21 00:57:03,1.96,12.587,29.74,374.337,2.0,42.26
2026-06-21 00:57:03,1.961,12.587,29.82,375.344,2.0,42.76
2026-06-21 00:57:04,1.961,12.587,29.82,375.344,2.0,42.76
2026-06-21 00:57:04,1.961,12.587,29.82,375.344,2.0,42.76
2026-06-21 00:57:04,1.961,12.587,29.74,374.337,2.0,43.26
2026-06-21 00:57:04,1.961,12.587,29.74,374.337,2.0,43.26
2026-06-21 00:57:07,1.956,12.587,29.49,371.191,2.5,49.76
2026-06-21 00:57:07,1.956,12.587,29.49,371.191,2.5,49.76
2026-06-21 00:57:07,1.956,12.587,29.49,371.191,2.5,49.76
2026-06-21 00:57:07,1.917,12.587,29.49,371.191,2.5,50.25
2026-06-21 00:57:07,1.917,12.587,29.49,371.191,2.5,50.25
2026-06-21 00:57:07,2.072,12.587,32.48,408.826,2.5,50.76
2026-06-21 00:57:08,2.072,12.587,32.48,408.826,2.5,50.76
2026-06-21 00:57:08,2.072,12.587,32.48,408.826,2.5,50.76
2026-06-21 00:57:08,2.306,12.587,32.82,413.105,2.5,51.32
2026-06-21 00:57:08,2.306,12.587,32.82,413.105,2.5,51.32
2026-06-21 00:57:08,2.445,12.587,31.4,395.232,2.5,51.92
2026-06-21 00:57:08,2.445,12.587,31.4,395.232,2.5,51.92
2026-06-21 00:57:08,2.445,12.587,31.4,395.232,2.5,51.92
2026-06-21 00:57:08,2.5,12.587,30.82,387.931,2.5,52.55
2026-06-21 00:57:08,2.5,12.587,30.82,387.931,2.5,52.55
2026-06-21 00:57:08,2.508,12.587,30.32,381.638,2.5,53.19
2026-06-21 00:57:09,2.508,12.587,30.32,381.638,2.5,53.19
2026-06-21 00:57:09,2.508,12.587,30.32,381.638,2.5,53.19
2026-06-21 00:57:09,2.494,12.587,30.16,379.624,2.5,53.83
2026-06-21 00:57:09,2.494,12.587,30.16,379.624,2.5,53.83
2026-06-21 00:57:09,2.477,12.587,30.16,379.624,2.5,54.46
2026-06-21 00:57:09,2.477,12.587,30.16,379.624,2.5,54.46
2026-06-21 00:57:09,2.477,12.587,30.16,379.624,2.5,54.46
2026-06-21 00:57:09,2.463,12.587,30.16,379.624,2.5,55.09
2026-06-21 00:57:09,2.463,12.587,30.16,379.624,2.5,55.09
2026-06-21 00:57:09,2.454,12.587,30.24,380.631,2.5,55.72
2026-06-21 00:57:10,2.454,12.587,30.24,380.631,2.5,55.72
2026-06-21 00:57:10,2.454,12.587,30.24,380.631,2.5,55.72
2026-06-21 00:57:10,2.449,12.587,30.24,380.631,2.5,56.34
2026-06-21 00:57:10,2.449,12.587,30.24,380.631,2.5,56.34
2026-06-21 00:57:10,2.447,12.587,30.24,380.631,2.5,56.96
2026-06-21 00:57:10,2.447,12.587,30.24,380.631,2.5,56.96
2026-06-21 00:57:10,2.447,12.587,30.24,380.631,2.5,56.96
2026-06-21 00:57:10,2.447,12.587,30.32,381.638,2.5,57.59
2026-06-21 00:57:10,2.447,12.587,30.32,381.638,2.5,57.59
2026-06-21 00:57:13,2.463,12.587,30.24,380.631,3.0,65.69
2026-06-21 00:57:14,2.463,12.587,30.24,380.631,3.0,65.69
2026-06-21 00:57:14,2.463,12.587,30.24,380.631,3.0,65.69
2026-06-21 00:57:14,2.419,12.587,29.91,376.477,3.0,66.31
2026-06-21 00:57:14,2.419,12.587,29.91,376.477,3.0,66.31
2026-06-21 00:57:14,2.604,12.587,34.23,430.853,3.0,66.94
2026-06-21 00:57:14,2.604,12.587,34.23,430.853,3.0,66.94
2026-06-21 00:57:14,2.604,12.587,34.23,430.853,3.0,66.94
2026-06-21 00:57:14,2.844,12.587,33.15,417.259,3.0,67.64
2026-06-21 00:57:14,2.844,12.587,33.15,417.259,3.0,67.64
2026-06-21 00:57:14,2.964,12.587,31.9,401.525,3.0,68.37
2026-06-21 00:57:15,2.964,12.587,31.9,401.525,3.0,68.37
2026-06-21 00:57:15,2.964,12.587,31.9,401.525,3.0,68.37
2026-06-21 00:57:15,3.007,12.587,31.32,394.225,3.0,69.13
2026-06-21 00:57:15,3.007,12.587,31.32,394.225,3.0,69.13
2026-06-21 00:57:15,3.009,12.587,30.9,388.938,3.0,69.9
2026-06-21 00:57:15,3.009,12.587,30.9,388.938,3.0,69.9
2026-06-21 00:57:15,3.009,12.587,30.9,388.938,3.0,69.9
2026-06-21 00:57:15,2.993,12.587,30.74,386.924,3.0,70.66
2026-06-21 00:57:15,2.993,12.587,30.74,386.924,3.0,70.66
2026-06-21 00:57:15,2.976,12.587,30.74,386.924,3.0,71.42
2026-06-21 00:57:16,2.976,12.587,30.74,386.924,3.0,71.42
2026-06-21 00:57:16,2.96,12.587,30.74,386.924,3.0,72.17
2026-06-21 00:57:16,2.96,12.587,30.74,386.924,3.0,72.17
2026-06-21 00:57:16,2.96,12.587,30.74,386.924,3.0,72.17
2026-06-21 00:57:16,2.949,12.587,30.82,387.931,3.0,72.93
2026-06-21 00:57:16,2.949,12.587,30.82,387.931,3.0,72.93
2026-06-21 00:57:16,2.944,12.587,30.82,387.931,3.0,73.68
2026-06-21 00:57:16,2.944,12.587,30.82,387.931,3.0,73.68
2026-06-21 00:57:16,2.944,12.587,30.82,387.931,3.0,73.68
2026-06-21 00:57:19,2.942,12.587,30.82,387.931,3.5,83.42
2026-06-21 00:57:20,2.942,12.587,30.82,387.931,3.5,83.42
2026-06-21 00:57:20,2.837,12.587,29.57,372.198,3.5,84.16
2026-06-21 00:57:20,2.837,12.587,29.57,372.198,3.5,84.16
2026-06-21 00:57:20,2.837,12.587,29.57,372.198,3.5,84.16
2026-06-21 00:57:20,3.097,12.587,34.89,439.16,3.5,84.91
2026-06-21 00:57:20,3.097,12.587,34.89,439.16,3.5,84.91
2026-06-21 00:57:20,3.332,12.587,33.73,424.56,3.5,85.74
2026-06-21 00:57:20,3.332,12.587,33.73,424.56,3.5,85.74
2026-06-21 00:57:20,3.332,12.587,33.73,424.56,3.5,85.74
2026-06-21 00:57:20,3.447,12.587,32.48,408.826,3.5,86.6
2026-06-21 00:57:21,3.447,12.587,32.48,408.826,3.5,86.6
2026-06-21 00:57:21,3.487,12.587,31.98,402.532,3.5,87.48
2026-06-21 00:57:21,3.487,12.587,31.98,402.532,3.5,87.48
2026-06-21 00:57:21,3.487,12.587,31.98,402.532,3.5,87.48
2026-06-21 00:57:21,3.488,12.587,31.49,396.365,3.5,88.37
2026-06-21 00:57:21,3.488,12.587,31.49,396.365,3.5,88.37
2026-06-21 00:57:21,3.472,12.587,31.4,395.232,3.5,89.26
2026-06-21 00:57:21,3.472,12.587,31.4,395.232,3.5,89.26
2026-06-21 00:57:21,3.472,12.587,31.4,395.232,3.5,89.26
2026-06-21 00:57:21,3.454,12.587,31.32,394.225,3.5,90.14
2026-06-21 00:57:22,3.454,12.587,31.32,394.225,3.5,90.14
2026-06-21 00:57:22,3.441,12.587,31.4,395.232,3.5,91.02
2026-06-21 00:57:22,3.441,12.587,31.4,395.232,3.5,91.02
2026-06-21 00:57:22,3.441,12.587,31.4,395.232,3.5,91.02
2026-06-21 00:57:25,3.455,12.587,31.57,397.372,4.0,102.37
2026-06-21 00:57:25,3.455,12.587,31.57,397.372,4.0,102.37
2026-06-21 00:57:25,3.35,12.587,30.16,379.624,4.0,103.24
2026-06-21 00:57:25,3.35,12.587,30.16,379.624,4.0,103.24
2026-06-21 00:57:25,3.35,12.587,30.16,379.624,4.0,103.24
2026-06-21 00:57:25,3.624,12.587,35.47,446.461,4.0,104.12
2026-06-21 00:57:26,3.624,12.587,35.47,446.461,4.0,104.12
2026-06-21 00:57:26,3.85,12.587,34.39,432.867,4.0,105.06
2026-06-21 00:57:26,3.85,12.587,34.39,432.867,4.0,105.06
2026-06-21 00:57:26,3.85,12.587,34.39,432.867,4.0,105.06
2026-06-21 00:57:26,3.962,12.587,33.15,417.259,4.0,106.05
2026-06-21 00:57:26,3.962,12.587,33.15,417.259,4.0,106.05
2026-06-21 00:57:26,4.0,12.587,32.65,410.966,4.0,107.06
2026-06-21 00:57:26,4.0,12.587,32.65,410.966,4.0,107.06
2026-06-21 00:57:26,4.0,12.587,32.65,410.966,4.0,107.06
2026-06-21 00:57:26,3.999,12.587,32.23,405.679,4.0,108.08
2026-06-21 00:57:27,3.999,12.587,32.23,405.679,4.0,108.08
2026-06-21 00:57:27,3.982,12.587,32.15,404.672,4.0,109.09
2026-06-21 00:57:27,3.982,12.587,32.15,404.672,4.0,109.09
2026-06-21 00:57:27,3.982,12.587,32.15,404.672,4.0,109.09
2026-06-21 00:57:27,3.964,12.587,32.07,403.665,4.0,110.1
2026-06-21 00:57:27,3.964,12.587,32.07,403.665,4.0,110.1
2026-06-21 00:57:27,3.95,12.587,32.15,404.672,4.0,111.11
2026-06-21 00:57:27,3.95,12.587,32.15,404.672,4.0,111.11
2026-06-21 00:57:27,3.95,12.587,32.15,404.672,4.0,111.11
2026-06-21 00:57:30,3.931,12.587,32.23,405.679,4.5,124.12
2026-06-21 00:57:31,3.931,12.587,32.23,405.679,4.5,124.12
2026-06-21 00:57:31,3.799,12.587,29.99,377.484,4.5,125.1
2026-06-21 00:57:31,3.799,12.587,29.99,377.484,4.5,125.1
2026-06-21 00:57:31,3.799,12.587,29.99,377.484,4.5,125.1
2026-06-21 00:57:31,4.062,12.587,36.39,458.041,4.5,126.09
2026-06-21 00:57:31,4.062,12.587,36.39,458.041,4.5,126.09
2026-06-21 00:57:31,4.309,12.587,35.22,443.314,4.5,127.16
2026-06-21 00:57:31,4.309,12.587,35.22,443.314,4.5,127.16
2026-06-21 00:57:31,4.309,12.587,35.22,443.314,4.5,127.16
2026-06-21 00:57:31,4.432,12.587,33.98,427.706,4.5,128.28
2026-06-21 00:57:32,4.432,12.587,33.98,427.706,4.5,128.28
2026-06-21 00:57:32,4.475,12.587,33.4,420.406,4.5,129.41
2026-06-21 00:57:32,4.475,12.587,33.4,420.406,4.5,129.41
2026-06-21 00:57:32,4.475,12.587,33.4,420.406,4.5,129.41
2026-06-21 00:57:32,4.475,12.587,32.9,414.112,4.5,130.55
2026-06-21 00:57:32,4.475,12.587,32.9,414.112,4.5,130.55
2026-06-21 00:57:32,4.459,12.587,32.82,413.105,4.5,131.69
2026-06-21 00:57:32,4.459,12.587,32.82,413.105,4.5,131.69
2026-06-21 00:57:32,4.459,12.587,32.82,413.105,4.5,131.69
2026-06-21 00:57:32,4.439,12.587,32.73,411.973,4.5,132.83
2026-06-21 00:57:33,4.439,12.587,32.73,411.973,4.5,132.83
2026-06-21 00:57:37,4.416,12.587,32.9,414.112,5.0,147.45
2026-06-21 00:57:37,4.416,12.587,32.9,414.112,5.0,147.45
2026-06-21 00:57:37,4.416,12.587,32.9,414.112,5.0,147.45
2026-06-21 00:57:37,4.256,12.587,32.73,411.973,5.0,148.55
2026-06-21 00:57:37,4.256,12.587,32.73,411.973,5.0,148.55
2026-06-21 00:57:37,4.566,12.587,37.39,470.628,5.0,149.66
2026-06-21 00:57:37,4.566,12.587,37.39,470.628,5.0,149.66
2026-06-21 00:57:38,4.566,12.587,37.39,470.628,5.0,149.66
2026-06-21 00:57:38,4.81,12.587,35.81,450.74,5.0,150.86
2026-06-21 00:57:38,4.81,12.587,35.81,450.74,5.0,150.86
2026-06-21 00:57:38,4.929,12.587,34.89,439.16,5.0,152.1
2026-06-21 00:57:38,4.929,12.587,34.89,439.16,5.0,152.1
2026-06-21 00:57:38,4.929,12.587,34.89,439.16,5.0,152.1
2026-06-21 00:57:38,4.97,12.587,34.14,429.72,5.0,153.36
2026-06-21 00:57:38,4.97,12.587,34.14,429.72,5.0,153.36
2026-06-21 00:57:38,4.971,12.587,33.81,425.566,5.0,154.62
2026-06-21 00:57:38,4.971,12.587,33.81,425.566,5.0,154.62
